5.0000   1.0000   97.3415   98.5714   0.1630   0.1195   1.4262     PSO 
 6.0000   1.0000   77.9901   76.2128   0.4691   0.4877   22.5721     PSO 
 5.0000   1.0000   39.6728   22.3810   0.7767   0.8810   2.6065     PSO 
 5.0000   1.0000   60.3272   77.6190   0.6299   0.4731   0.7515     PSO 
 6.0000   1.0000   40.1672   37.3751   0.7735   0.7914   10.8812     PSO 
 7.0000   1.0000   14.5717   13.6364   4.4548   4.5483   11.9929     PSO 
 4.0000   1.0000   79.7143   71.1009   0.4482   0.5325   0.5522     PSO 
 5.0000   1.0000   95.7259   97.5238   0.2050   0.1525   1.1296     PSO 
 4.0000   1.0000   81.3061   68.0734   81.3061   68.0734   0.5420     PSO 
 5.0000   1.0000   95.3578   97.3809   95.3578   97.3809   0.9957     PSO 
 4.0000   1.0000   81.6327   69.2661   3.5016   10.7088   0.5309     PSO 
 5.0000   1.0000   95.9100   97.9047   0.8481   0.6801   0.9759     PSO 
 3.0000   1.0000   91.5556   86.4615   6.8349   8.8123   0.2228     PSO 
 4.0000   1.0000   81.8367   65.6881   2.8644   5.8486   0.6168     PSO 
 5.0000   1.0000   95.5828   97.6667   2.0310   2.0586   1.0416     PSO 
 6.0000   1.0000   72.0158   71.9860   1.6307   1.1720   15.2625     PSO 
 7.0000   1.0000   17.1164   17.0955   3.3740   3.2526   17.8010     PSO 
 3.0000   1.0000   87.6667   78.6567   10.7319   22.1686   0.1706     PSO 
 4.0000   1.0000   79.7959   66.2385   5.5644   14.3765   0.5973     PSO 
 5.0000   1.0000   95.3578   97.6190   1.4404   1.6768   1.0185     PSO 
 6.0000   1.0000   72.1218   70.3704   2.2641   2.1081   17.7793     PSO 
 3.0000   1.0000   89.7778   80.0000   10.2415   40.0000   0.5022     PSO 
 4.0000   1.0000   82.1633   70.0918   2.1213   9.0840   1.3605     PSO 
 5.0000   1.0000   95.6851   98.0000   1.2687   0.5553   2.1401     PSO 
 6.0000   1.0000   70.9034   71.5123   2.4066   2.5583   30.4974     PSO 
 3.0000   1.0000   93.1111   93.3333   7.7905   11.0554   0.5421     PSO 
 4.0000   1.0000   82.1633   69.9083   3.3759   7.3027   1.5616     PSO 
 5.0000   1.0000   96.4213   98.3333   0.6418   0.6477   2.7476     PSO 
 7.0000   1.0000   37.5140   34.3711   7.8906   7.5367   51.5160     PSO 
 3.0000   1.0000   90.4444   88.4000   5.6699   6.0531   0.3707     PSO 
 4.0000   1.0000   85.6326   75.3211   1.3513   7.7462   2.6654     PSO 
 5.0000   1.0000   96.6666   98.4285   0.2899   0.3049   2.0158     PSO 
 6.0000   1.0000   77.5064   77.7293   4.7351   4.6784   77.7068     PSO 
 7.0000   1.0000   44.5570   40.0400   10.1252   9.3286   69.8011     PSO 
 8.0000   1.0000   98.4596   98.4667   2.1838   2.2309   155.5028     PSO 
 