3.0000   1.0000   0.0000   0.0000   0.0000   0.0000   0.0211     PSO 
 3.0000   1.0000   0.0000   0.0000   0.0000   0.0000   0.0250     PSO 
 3.0000   1.0000   0.0000   0.0000   0.0000   0.0000   0.0012     PSO 
 3.0000   1.0000   0.0000   0.0000   0.0000   0.0000   0.0021     PSO 
 3.0000   1.0000   0.0000   0.0000   0.0000   0.0000   0.0037     PSO 
 1.0000   1.0000   0.0000   0.0000   0.0000   0.0000   0.0024     PSO 
 3.0000   1.0000   0.0000   0.0000   0.0000   0.0000   0.0037     PSO 
 5.0000   1.0000   0.0000   0.0000   0.0000   0.0000   0.1690     PSO 
 5.0000   1.0000   0.0000   0.0000   0.0000   0.0000   0.2438     PSO 
 5.0000   1.0000   0.0000   0.0000   0.0000   0.0000   0.1758     PSO 
 3.0000   1.0000   0.0000   0.0000   0.0000   0.0000   0.0020     PSO 
 3.0000   1.0000   0.0000   0.0000   0.0000   0.0000   0.0034     PSO 
 3.0000   1.0000   0.0000   0.0000   0.0000   0.0000   0.0073     PSO 
 3.0000   1.0000   0.0000   0.0000   0.0000   0.0000   0.0019     PSO 
 3.0000   1.0000   0.0000   0.0000   0.0000   0.0000   0.0003     PSO 
 2.0000   1.0000   0.0000   0.0000   0.0000   0.0000   0.0004     PSO 
 2.0000   1.0000   0.0000   0.0000   0.0000   0.0000   0.0036     PSO 
 2.0000   1.0000   0.0000   0.0000   0.0000   0.0000   0.0037     PSO 
 2.0000   1.0000   0.0000   0.0000   0.0000   0.0000   0.0255     PSO 
 2.0000   1.0000   50.3515   50.3515   0.1172   0.1172   0.0745     PSO 
 2.0000   1.0000   56.2890   56.2890   1.6429   1.6429   0.7654     PSO 
 2.0000   1.0000   58.6719   58.6719   1.5605   1.5605   8.3937     PSO 
 0.0000   1.0000   75.0000   75.0000   3.9528   3.9528   0.0442     PSO 
 0.0000   1.0000   74.3750   74.3750   6.5252   6.5252   0.1106     PSO 
 0.0000   1.0000   76.8750   76.8750   4.0020   4.0020   0.1198     PSO 
 0.0000   1.0000   81.2500   81.2500   5.5902   5.5902   0.3500     PSO 
 0.0000   1.0000   84.3750   84.3750   9.3750   9.3750   0.8145     PSO 
 0.0000   1.0000   79.3750   79.3750   7.9304   7.9304   0.2798     PSO 
 0.0000   1.0000   78.7500   78.7500   5.0000   5.0000   0.2811     PSO 
 0.0000   1.0000   80.6250   80.6250   7.0986   7.0986   0.3575     PSO 
 0.0000   1.0000   76.8750   76.8750   8.8609   8.8609   0.3614     PSO 
 0.0000   1.0000   78.7500   78.7500   4.1458   4.1458   0.4382     PSO 
 0.0000   1.0000   78.1250   78.1250   6.9877   6.9877   0.5755     PSO 
 0.0000   1.0000   75.6250   75.6250   7.6291   7.6291   0.3681     PSO 
 0.0000   1.0000   75.0000   75.0000   6.2500   6.2500   0.2872     PSO 
 0.0000   1.0000   75.0000   75.0000   9.2702   9.2702   0.5193     PSO 
 0.0000   1.0000   79.3750   79.3750   6.8750   6.8750   0.2997     PSO 
 0.0000   1.0000   77.5000   77.5000   5.0000   5.0000   0.3300     PSO 
 0.0000   1.0000   79.3750   79.3750   6.2812   6.2812   0.6619     PSO 
 0.0000   1.0000   78.1250   78.1250   4.1926   4.1926   0.5946     PSO 
 0.0000   1.0000   77.5000   77.5000   6.3738   6.3738   0.6870     PSO 
 5.0000   1.0000   96.0941   98.1905   0.5210   0.6666   1.5034     PSO 
 1.0000   1.0000   64.3750   64.3750   2.7776   2.7776   1.2012     PSO 
 2.0000   1.0000   57.7344   57.7344   1.4905   1.4905   9.7417     PSO 
 3.0000   1.0000   88.5555   85.9091   6.0052   8.2447   0.3397     PSO 
 4.0000   1.0000   80.0816   65.3211   3.9056   11.5086   1.4275     PSO 
 5.0000   1.0000   96.0940   98.0000   0.8203   1.1819   1.7821     PSO 
 6.0000   1.0000   75.9863   77.6133   2.9639   2.9403   76.1207     PSO 
 7.0000   1.0000   39.5930   38.4162   5.4609   5.4568   86.1993     PSO 
 8.0000   1.0000   97.6903   97.4028   2.9218   3.1856   793.2871     PSO 
 1.0000   1.0000   61.7188   61.7188   2.5436   2.5436   1.5490     PSO 
 1.0000   1.0000   62.1875   62.1875   1.6829   1.6829   1.6584     PSO 
 2.0000   1.0000   55.9766   55.9766   1.1055   1.1055   14.4392     PSO 
 3.0000   1.0000   87.4444   83.8636   8.8059   8.9705   0.5247     PSO 
 4.0000   1.0000   80.7755   67.1560   2.0199   5.5320   2.2347     PSO 
 5.0000   1.0000   94.7852   97.8095   1.4468   0.9085   2.8072     PSO 
 0.0000   1.0000   75.6250   75.6250   3.3657   3.3657   0.4798     PSO 
 1.0000   1.0000   62.5000   62.5000   1.8488   1.8488   1.8739     PSO 
 2.0000   1.0000   55.7422   55.7422   0.8203   0.8203   14.8883     PSO 
 3.0000   1.0000   89.4444   87.3077   6.3877   8.6089   0.5080     PSO 
 4.0000   1.0000   81.4286   72.2936   3.1892   9.3091   1.5445     PSO 
 5.0000   1.0000   95.4397   98.0476   1.2805   0.6546   1.7450     PSO 
 6.0000   1.0000   72.6758   75.6524   6.7494   6.3338   919.0329     PSO 
 7.0000   1.0000   33.4508   30.5775   3.8718   3.9017   94.5127     PSO 
 