0.0000 0.0000 0.0000
0.4159 nan 0.4159
0.4030 nan 0.4030
0.2909 nan 0.2909
0.1387 0.6848 0.3699
0.1007 0.6773 0.3546
0.1240 0.6692 0.3385
22.0973 0.6772 0.3543
97.0797 0.6746 0.3491
0.2952 nan 0.2952
0.1501 0.6664 0.3329
0.1438 0.6629 0.3257
4.7822 0.6590 0.3179
2.7733 nan 2.7733
0.1467 1.0695 1.1390
0.1301 1.2050 1.4101
0.1396 1.3871 1.7741
0.2331 nan 0.2331
0.4541 1.0695 1.1391
1.7688 nan 1.7688
0.0831 nan 0.0831
0.0756 nan 0.0756
0.0887 nan 0.0887
1.2578 0.5412 0.0825
0.0932 0.5411 0.0823
0.0568 nan 0.0568
0.0554 0.5369 0.0738
0.0912 nan 0.0912
0.0730 0.5370 0.0739
0.0546 0.5398 0.0796
0.0653 nan 0.0653
0.0652 0.5365 0.0730
0.0824 nan 0.0824
0.0574 0.5368 0.0735
0.0547 0.5381 0.0763
0.0535 nan 0.0535
0.0587 0.5339 0.0678
0.0582 0.5329 0.0658
0.0672 0.5312 0.0623
0.0548 0.5327 0.0653
0.0498 nan 0.0498
