0.0000 0.0000 0.0000
0.0186 nan 0.0186
0.0163 nan 0.0163
0.0109 nan 0.0109
0.0105 nan 0.0105
0.0247 0.0148 0.0125
0.0251 0.0151 0.0113
0.0245 nan 0.0245
0.0106 0.0201 0.0161
0.0104 nan 0.0104
0.0104 nan 0.0104
0.0104 nan 0.0104
0.0103 nan 0.0103
0.0104 0.0134 0.0104
0.0103 nan 0.0103
0.0104 0.0135 0.0103
0.0104 nan 0.0104
0.0104 0.0124 0.0103
0.0105 nan 0.0105
0.0105 0.0116 0.0104
0.0105 nan 0.0105
0.0103 nan 0.0103
0.0104 0.0115 0.0104
0.0105 nan 0.0105
0.0104 nan 0.0104
0.0105 0.0120 0.0105
0.0103 0.0112 0.0105
0.0105 nan 0.0105
0.0103 0.0108 0.0105
0.0103 0.0111 0.0105
0.0103 nan 0.0103
0.0103 nan 0.0103
0.0103 nan 0.0103
0.0104 nan 0.0104
0.0104 nan 0.0104
0.0103 0.0110 0.0104
0.0104 nan 0.0104
0.0103 nan 0.0103
0.0103 0.0101 0.0103
0.0103 nan 0.0103
0.0103 nan 0.0103
