0.0000 0.0000 0.0000
0.0207 nan 0.0207
0.0141 nan 0.0141
0.0137 nan 0.0137
0.0106 nan 0.0106
0.0104 0.0064 0.0128
0.0101 nan 0.0101
0.0118 nan 0.0118
0.0106 nan 0.0106
0.0101 nan 0.0101
0.0104 nan 0.0104
0.0108 0.0112 0.0104
0.0103 0.0106 0.0103
0.0103 0.0112 0.0104
0.0102 nan 0.0102
0.0102 nan 0.0102
0.0104 nan 0.0104
0.0100 nan 0.0100
0.0100 0.0108 0.0102
0.0099 0.0108 0.0102
0.0100 0.0102 0.0101
0.0100 nan 0.0100
0.0100 nan 0.0100
0.0100 0.0100 0.0101
0.0099 0.0098 0.0100
0.0101 0.0099 0.0100
0.0099 0.0101 0.0100
0.0099 0.0101 0.0100
0.0099 nan 0.0099
0.0100 0.0101 0.0100
0.0099 nan 0.0099
0.0100 nan 0.0100
0.0099 0.0100 0.0100
0.0099 nan 0.0099
0.0100 0.0100 0.0100
0.0099 nan 0.0099
0.0100 nan 0.0100
0.0099 0.0101 0.0100
0.0100 nan 0.0100
0.0100 nan 0.0100
0.0099 0.0099 0.0100
0.0099 nan 0.0099
0.0099 nan 0.0099
0.0100 nan 0.0100
0.0099 nan 0.0099
0.0099 nan 0.0099
0.0100 0.0101 0.0099
0.0099 nan 0.0099
0.0099 nan 0.0099
0.0099 nan 0.0099
0.0103 0.0101 0.0099
0.0101 0.0100 0.0099
0.0100 0.0099 0.0099
0.0099 0.0099 0.0099
0.0100 0.0100 0.0099
0.0100 0.0100 0.0099
0.0101 0.0098 0.0099
0.0099 nan 0.0099
0.0099 0.0101 0.0099
0.0099 0.0101 0.0099
0.0100 0.0099 0.0099
0.0100 0.0100 0.0099
0.0099 nan 0.0099
0.0100 nan 0.0100
0.0100 nan 0.0100
0.0099 0.0101 0.0100
0.0100 0.0102 0.0100
0.0100 nan 0.0100
0.0099 0.0099 0.0100
0.0101 0.0100 0.0100
0.0100 nan 0.0100
0.0100 nan 0.0100
0.0101 nan 0.0101
0.0100 0.0100 0.0100
0.0099 0.0100 0.0100
0.0100 nan 0.0100
0.0102 0.0099 0.0100
0.0099 nan 0.0099
0.0100 0.0099 0.0100
0.0100 0.0099 0.0100
0.0100 0.0101 0.0099
0.0099 0.0101 0.0100
0.0099 0.0100 0.0100
0.0099 0.0099 0.0100
0.0107 0.0099 0.0100
0.0101 nan 0.0101
0.0100 0.0101 0.0100
0.0099 0.0101 0.0100
0.0099 nan 0.0099
0.0099 nan 0.0099
0.0100 0.0101 0.0100
0.0102 0.0101 0.0099
0.0101 nan 0.0101
0.0099 0.0098 0.0100
0.0099 0.0101 0.0100
0.0101 nan 0.0101
0.0103 nan 0.0103
0.0099 nan 0.0099
0.0099 nan 0.0099
0.0099 0.0101 0.0100
0.0102 nan 0.0102
