0.0000 0.0000 0.0000
0.0192 nan 0.0192
0.0212 nan 0.0212
0.0167 nan 0.0167
0.0203 0.0198 0.0191
0.0280 0.0194 0.0190
0.0210 0.0187 0.0183
0.0158 nan 0.0158
0.0178 nan 0.0178
0.0161 nan 0.0161
0.0141 0.0152 0.0166
0.0156 0.0160 0.0168
0.0125 0.0169 0.0165
0.0134 0.0172 0.0166
0.0124 nan 0.0124
0.0121 0.0157 0.0152
0.0123 0.0157 0.0147
0.0127 nan 0.0127
0.0122 0.0142 0.0142
0.0139 0.0142 0.0139
0.0121 0.0138 0.0136
0.0130 0.0137 0.0139
0.0126 0.0134 0.0138
0.0121 nan 0.0121
0.0122 nan 0.0122
0.0155 nan 0.0155
0.0140 nan 0.0140
0.0132 nan 0.0132
0.0125 nan 0.0125
0.0121 0.0143 0.0133
0.0122 nan 0.0122
0.0145 nan 0.0145
0.0139 0.0139 0.0133
0.0129 nan 0.0129
0.0123 0.0129 0.0135
0.0134 0.0128 0.0132
0.0118 nan 0.0118
0.0127 nan 0.0127
0.0118 nan 0.0118
0.0119 0.0124 0.0121
0.0123 0.0122 0.0122
0.0115 nan 0.0115
0.0122 0.0126 0.0119
0.0119 0.0123 0.0119
0.0119 nan 0.0119
0.0122 0.0119 0.0119
0.0118 0.0128 0.0119
0.0122 nan 0.0122
0.0121 0.0120 0.0120
0.0117 0.0120 0.0120
0.0148 0.0122 0.0121
0.0122 nan 0.0122
0.0124 nan 0.0124
0.0118 nan 0.0118
0.0119 0.0123 0.0121
0.0131 0.0124 0.0121
0.0131 nan 0.0131
0.0119 nan 0.0119
0.0123 0.0131 0.0124
0.0121 nan 0.0121
0.0127 nan 0.0127
