 38.519   39.182   336.8656351804733     PSO 
 35.81   36.178   337.62602809270226     PSO 
 40.815   41.462   339.44009972810744     PSO 
 40.267999999999994   40.55499999999999   337.9349164128304     PSO 
 34.176   34.193999999999996   334.976503833135     PSO 
 93.97   93.23599999999999   534.2304924448331     PSO 
 96.148   94.383   538.7844313144684     PSO 
 96.522   94.619   537.5079852223396     PSO 
 96.452   95.093   535.9998503843943     PSO 
 94.695   93.569   538.258175210158     PSO 
 94.70500000000001   93.644   350.17738322814307   0.0     PSO 
 93.663   92.32000000000001   341.4077480038007   0.0     PSO 
 93.696   92.68   350.6241672714551   0.0     PSO 
 94.19499999999998   92.92300000000002   347.82879755894345   0.0     PSO 
 92.538   91.857   344.62765370210013   0.0     PSO 
 