0.0000 0.0000 0.0000
0.0220 nan 0.0220
0.0251 nan 0.0251
0.0139 nan 0.0139
0.0111 nan 0.0111
0.0141 0.0165 0.0167
0.0114 nan 0.0114
0.0114 0.0133 0.0131
0.0116 nan 0.0116
0.0155 nan 0.0155
0.0117 0.0125 0.0134
0.0114 0.0126 0.0135
0.0131 0.0125 0.0141
0.0123 0.0123 0.0137
0.0104 0.0138 0.0138
0.0106 nan 0.0106
0.0106 0.0139 0.0127
0.0113 nan 0.0113
0.0106 0.0114 0.0115
0.0111 nan 0.0111
0.0107 nan 0.0107
0.0110 nan 0.0110
0.0111 0.0116 0.0109
0.0109 0.0110 0.0109
0.0110 nan 0.0110
0.0107 0.0114 0.0109
0.0104 0.0119 0.0109
0.0104 0.0104 0.0110
0.0102 0.0118 0.0109
0.0104 0.0120 0.0109
0.0107 0.0112 0.0109
0.0105 nan 0.0105
0.0104 nan 0.0104
0.0107 nan 0.0107
0.0104 nan 0.0104
0.0107 0.0109 0.0105
0.0106 nan 0.0106
0.0104 nan 0.0104
0.0107 nan 0.0107
0.0105 nan 0.0105
0.0129 0.0106 0.0105
