0.0721  0.0077  0.099  0.0079  0.4938  0.008  adam
0.1636  0.0028  0.1703  0.0041  0.4723  0.0061  sgd
0.0726  0.0126  0.0731  0.013  10.3362  0.0431  lg_prob 0.0
0.045  0.0016  0.0436  0.0031  14.6767  0.1535  lg_prob 0.25
0.0442  0.0012  0.0446  0.0038  23.8143  0.2416   s_prob 0.5
0.0449  0.0011  0.0444  0.0025  26.7231  0.3014 s_prob sch
0.0591  0.0755  0.0118  0.0578  0.0757  0.0123  37.3888  0.0689 lg_prob 0.0
0.0428  0.0435  0.0008  0.0398  0.0423  0.0017  48.767  0.2947 lg_prob 0.25 
0.0424  0.0435  0.0009  0.0419  0.0432  0.0011  37.5846  0.278  s_prob 0.5
0.0422  0.0448  0.0018  0.0417  0.0442  0.0024  30.4121  0.1172  s_prob sch
  
