7.00000
83.00000
0.40825
13.00000
83.00000
0.40825
19.00000
83.00000
0.40825
25.00000
83.00000
0.40825
31.00000
83.00000
0.40825
37.00000
83.00000
0.40825
43.00000
83.00000
0.40825
49.00000
83.00000
0.40825
55.00000
28.00000
0.40825
61.00000
28.00000
0.40825
67.00000
28.00000
0.40825
73.00000
28.00000
0.40825
79.00000
28.00000
0.40825
85.00000
28.00000
0.40825
91.00000
28.00000
0.40825
97.00000
28.00000
0.40825
103.00000
28.00000
0.40825
109.00000
28.00000
0.40825
115.00000
28.00000
0.40825
121.00000
28.00000
0.40825
127.00000
28.00000
0.40825
133.00000
28.00000
0.40825
139.00000
28.00000
0.40825
145.00000
28.00000
0.40825
151.00000
28.00000
0.40825
157.00000
28.00000
0.40825
163.00000
28.00000
0.40825
169.00000
28.00000
0.40825
175.00000
69.00000
0.40825
181.00000
69.00000
0.40825
187.00000
69.00000
0.40825
193.00000
69.00000
0.40825
199.00000
69.00000
0.40825
205.00000
69.00000
0.40825
211.00000
69.00000
0.40825
217.00000
69.00000
0.40825
223.00000
69.00000
0.40825
229.00000
33.00000
0.40825
235.00000
33.00000
0.40825
241.00000
33.00000
0.40825
247.00000
33.00000
0.40825
253.00000
33.00000
0.40825
259.00000
33.00000
0.40825
265.00000
33.00000
0.40825
271.00000
33.00000
0.40825
277.00000
33.00000
0.40825
283.00000
33.00000
0.40825
289.00000
33.00000
0.40825
295.00000
51.00000
0.40825
301.00000
51.00000
0.40825
307.00000
51.00000
0.40825
313.00000
51.00000
0.40825
319.00000
51.00000
0.40825
325.00000
51.00000
0.40825
331.00000
51.00000
0.40825
337.00000
51.00000
0.40825
343.00000
51.00000
0.40825
349.00000
51.00000
0.40825
355.00000
51.00000
0.40825
361.00000
51.00000
0.40825
367.00000
51.00000
0.40825
373.00000
51.00000
0.40825
379.00000
51.00000
0.40825
385.00000
51.00000
0.40825
391.00000
51.00000
0.40825
397.00000
51.00000
0.40825
403.00000
51.00000
0.40825
409.00000
28.00000
0.40825
415.00000
28.00000
0.40825
421.00000
28.00000
0.40825
427.00000
28.00000
0.40825
433.00000
28.00000
0.40825
439.00000
28.00000
0.40825
445.00000
28.00000
0.40825
451.00000
28.00000
0.40825
457.00000
28.00000
0.40825
463.00000
28.00000
0.40825
469.00000
28.00000
0.40825
475.00000
54.00000
0.40825
481.00000
54.00000
0.40825
487.00000
54.00000
0.40825
493.00000
54.00000
0.40825
499.00000
54.00000
0.40825
505.00000
54.00000
0.40825
511.00000
54.00000
0.40825
517.00000
54.00000
0.40825
523.00000
54.00000
0.40825
529.00000
86.00000
0.40825
535.00000
86.00000
0.40825
541.00000
86.00000
0.40825
547.00000
86.00000
0.40825
553.00000
86.00000
0.40825
559.00000
86.00000
0.40825
565.00000
48.00000
0.40825
571.00000
48.00000
0.40825
577.00000
48.00000
0.40825
583.00000
48.00000
0.40825
589.00000
48.00000
0.40825
595.00000
48.00000
0.40825
601.00000
48.00000
0.40825
607.00000
48.00000
0.40825
613.00000
48.00000
0.40825
619.00000
48.00000
0.40825
625.00000
48.00000
0.40825
631.00000
48.00000
0.40825
637.00000
48.00000
0.40825
643.00000
48.00000
0.40825
649.00000
48.00000
0.40825
655.00000
48.00000
0.40825
661.00000
48.00000
0.40825
667.00000
48.00000
0.40825
673.00000
48.00000
0.40825
679.00000
48.00000
0.40825
685.00000
48.00000
0.40825
691.00000
48.00000
0.40825
697.00000
48.00000
0.40825
703.00000
48.00000
0.40825
709.00000
48.00000
0.40825
715.00000
48.00000
0.40825
721.00000
48.00000
0.40825
727.00000
48.00000
0.40825
733.00000
48.00000
0.40825
739.00000
48.00000
0.40825
745.00000
48.00000
0.40825
751.00000
48.00000
0.40825
757.00000
48.00000
0.40825
763.00000
48.00000
0.40825
769.00000
18.00000
0.40825
775.00000
18.00000
0.40825
781.00000
18.00000
0.40825
787.00000
18.00000
0.40825
793.00000
18.00000
0.40825
799.00000
18.00000
0.40825
805.00000
18.00000
0.40825
811.00000
18.00000
0.40825
817.00000
18.00000
0.40825
823.00000
18.00000
0.40825
829.00000
18.00000
0.40825
835.00000
18.00000
0.40825
841.00000
18.00000
0.40825
847.00000
18.00000
0.40825
853.00000
18.00000
0.40825
859.00000
18.00000
0.40825
865.00000
18.00000
0.40825
871.00000
18.00000
0.40825
877.00000
18.00000
0.40825
883.00000
18.00000
0.40825
889.00000
18.00000
0.40825
895.00000
18.00000
0.40825
901.00000
18.00000
0.40825
907.00000
18.00000
0.40825
913.00000
18.00000
0.40825
919.00000
18.00000
0.40825
925.00000
0.00000
0.40825
931.00000
0.00000
0.40825
937.00000
0.00000
0.40825
943.00000
0.00000
0.40825
949.00000
15.00000
0.40825
955.00000
15.00000
0.40825
961.00000
15.00000
0.40825
967.00000
15.00000
0.40825
973.00000
15.00000
0.40825
979.00000
15.00000
0.40825
985.00000
15.00000
0.40825
991.00000
15.00000
0.40825
997.00000
15.00000
0.40825
1003.00000
15.00000
0.40825
1009.00000
15.00000
0.40825
1015.00000
15.00000
0.40825
1021.00000
15.00000
0.40825
1027.00000
15.00000
0.40825
1033.00000
15.00000
0.40825
1039.00000
15.00000
0.40825
1045.00000
15.00000
0.40825
1051.00000
15.00000
0.40825
1057.00000
15.00000
0.40825
1063.00000
15.00000
0.40825
1069.00000
15.00000
0.40825
1075.00000
15.00000
0.40825
1081.00000
15.00000
0.40825
1087.00000
15.00000
0.40825
1093.00000
15.00000
0.40825
1099.00000
15.00000
0.40825
1105.00000
15.00000
0.40825
1111.00000
25.00000
0.40825
1117.00000
25.00000
0.40825
1123.00000
25.00000
0.40825
1129.00000
25.00000
0.40825
1135.00000
25.00000
0.40825
1141.00000
25.00000
0.40825
1147.00000
25.00000
0.40825
1153.00000
25.00000
0.40825
1159.00000
25.00000
0.40825
1165.00000
25.00000
0.40825
1171.00000
25.00000
0.40825
1177.00000
24.00000
0.40825
1183.00000
24.00000
0.40825
1189.00000
24.00000
0.40825
1195.00000
24.00000
0.40825
1201.00000
24.00000
0.40825
1207.00000
24.00000
0.40825
1213.00000
24.00000
0.40825
1219.00000
4.00000
0.40825
1225.00000
4.00000
0.40825
1231.00000
4.00000
0.40825
1237.00000
4.00000
0.40825
1243.00000
4.00000
0.40825
1249.00000
4.00000
0.40825
1255.00000
4.00000
0.40825
1261.00000
4.00000
0.40825
1267.00000
4.00000
0.40825
1273.00000
4.00000
0.40825
1279.00000
4.00000
0.40825
1285.00000
2.00000
0.40825
1291.00000
2.00000
0.40825
1297.00000
2.00000
0.40825
1303.00000
2.00000
0.40825
1309.00000
2.00000
0.40825
1315.00000
2.00000
0.40825
1321.00000
2.00000
0.40825
1327.00000
2.00000
0.40825
1333.00000
2.00000
0.40825
1339.00000
2.00000
0.40825
1345.00000
2.00000
0.40825
1351.00000
2.00000
0.40825
1357.00000
2.00000
0.40825
1363.00000
2.00000
0.40825
1369.00000
2.00000
0.40825
1375.00000
2.00000
0.40825
1381.00000
2.00000
0.40825
1387.00000
2.00000
0.40825
1393.00000
2.00000
0.40825
1399.00000
2.00000
0.40825
1405.00000
2.00000
0.40825
1411.00000
2.00000
0.40825
1417.00000
2.00000
0.40825
1423.00000
2.00000
0.40825
1429.00000
2.00000
0.40825
1435.00000
2.00000
0.40825
1441.00000
2.00000
0.40825
1447.00000
2.00000
0.40825
1453.00000
2.00000
0.40825
1459.00000
2.00000
0.40825
1465.00000
2.00000
0.40825
1471.00000
2.00000
0.40825
1477.00000
2.00000
0.40825
1483.00000
2.00000
0.40825
1489.00000
2.00000
0.40825
1495.00000
2.00000
0.40825
1501.00000
2.00000
0.40825
1507.00000
2.00000
0.40825
1513.00000
2.00000
0.40825
1519.00000
2.00000
0.40825
1525.00000
2.00000
0.40825
1531.00000
2.00000
0.40825
1537.00000
2.00000
0.40825
1543.00000
2.00000
0.40825
1549.00000
2.00000
0.40825
1555.00000
2.00000
0.40825
1561.00000
2.00000
0.40825
1567.00000
2.00000
0.40825
1573.00000
2.00000
0.40825
1579.00000
2.00000
0.40825
1585.00000
2.00000
0.40825
1591.00000
2.00000
0.40825
1597.00000
2.00000
0.40825
1603.00000
2.00000
0.40825
1609.00000
2.00000
0.40825
1615.00000
2.00000
0.40825
1621.00000
2.00000
0.40825
1627.00000
2.00000
0.40825
1633.00000
1.00000
0.40825
1639.00000
1.00000
0.40825
1645.00000
1.00000
0.40825
1651.00000
1.00000
0.40825
1657.00000
1.00000
0.40825
1663.00000
1.00000
0.40825
1669.00000
1.00000
0.40825
1675.00000
1.00000
0.40825
1681.00000
1.00000
0.40825
1687.00000
1.00000
0.40825
1693.00000
1.00000
0.40825
1699.00000
1.00000
0.40825
1705.00000
1.00000
0.40825
1711.00000
1.00000
0.40825
1717.00000
1.00000
0.40825
1723.00000
1.00000
0.40825
1729.00000
1.00000
0.40825
1735.00000
1.00000
0.40825
1741.00000
1.00000
0.40825
1747.00000
1.00000
0.40825
1753.00000
1.00000
0.40825
1759.00000
1.00000
0.40825
1765.00000
1.00000
0.40825
1771.00000
1.00000
0.40825
1777.00000
1.00000
0.40825
1783.00000
1.00000
0.40825
1789.00000
1.00000
0.40825
1795.00000
1.00000
0.40825
1801.00000
1.00000
0.40825
1807.00000
1.00000
0.40825
1813.00000
1.00000
0.40825
1819.00000
1.00000
0.40825
1825.00000
1.00000
0.40825
1831.00000
1.00000
0.40825
1837.00000
1.00000
0.40825
1843.00000
1.00000
0.40825
1849.00000
1.00000
0.40825
1855.00000
1.00000
0.40825
1861.00000
1.00000
0.40825
1867.00000
1.00000
0.40825
1873.00000
1.00000
0.40825
1879.00000
1.00000
0.40825
1885.00000
1.00000
0.40825
1891.00000
1.00000
0.40825
1897.00000
1.00000
0.40825
1903.00000
1.00000
0.40825
1909.00000
1.00000
0.40825
1915.00000
1.00000
0.40825
1921.00000
1.00000
0.40825
1927.00000
1.00000
0.40825
1933.00000
1.00000
0.40825
1939.00000
1.00000
0.40825
1945.00000
1.00000
0.40825
1951.00000
1.00000
0.40825
1957.00000
1.00000
0.40825
1963.00000
1.00000
0.40825
1969.00000
1.00000
0.40825
1975.00000
1.00000
0.40825
1981.00000
1.00000
0.40825
1987.00000
1.00000
0.40825
1993.00000
1.00000
0.40825
1999.00000
1.00000
0.40825
2005.00000
1.00000
0.40825
2011.00000
1.00000
0.40825
2017.00000
1.00000
0.40825
2023.00000
1.00000
0.40825
2029.00000
1.00000
0.40825
2035.00000
1.00000
0.40825
2041.00000
1.00000
0.40825
2047.00000
1.00000
0.40825
2053.00000
1.00000
0.40825
2059.00000
1.00000
0.40825
2065.00000
1.00000
0.40825
2071.00000
1.00000
0.40825
2077.00000
1.00000
0.40825
2083.00000
1.00000
0.40825
2089.00000
1.00000
0.40825
2095.00000
1.00000
0.40825
2101.00000
1.00000
0.40825
2107.00000
1.00000
0.40825
2113.00000
1.00000
0.40825
2119.00000
1.00000
0.40825
2125.00000
1.00000
0.40825
2131.00000
1.00000
0.40825
2137.00000
1.00000
0.40825
2143.00000
1.00000
0.40825
2149.00000
0.00000
0.40825
2155.00000
0.00000
0.40825
2161.00000
0.00000
0.40825
2167.00000
0.00000
0.40825
2173.00000
0.00000
0.40825
2179.00000
0.00000
0.40825
2185.00000
0.00000
0.40825
2191.00000
0.00000
0.40825
2197.00000
0.00000
0.40825
2203.00000
0.00000
0.40825
2209.00000
0.00000
0.40825
2215.00000
0.00000
0.40825
2221.00000
0.00000
0.40825
2227.00000
0.00000
0.40825
2233.00000
0.00000
0.40825
2239.00000
0.00000
0.40825
2245.00000
0.00000
0.40825
2251.00000
0.00000
0.40825
2257.00000
0.00000
0.40825
2263.00000
0.00000
0.40825
2269.00000
0.00000
0.40825
2275.00000
0.00000
0.40825
2281.00000
0.00000
0.40825
2287.00000
0.00000
0.40825
2293.00000
0.00000
0.40825
2299.00000
0.00000
0.40825
2305.00000
0.00000
0.40825
2311.00000
0.00000
0.40825
2317.00000
0.00000
0.40825
2323.00000
0.00000
0.40825
2329.00000
0.00000
0.40825
2335.00000
0.00000
0.40825
2341.00000
0.00000
0.40825
2347.00000
0.00000
0.40825
2353.00000
0.00000
0.40825
2359.00000
0.00000
0.40825
2365.00000
0.00000
0.40825
2371.00000
0.00000
0.40825
2377.00000
0.00000
0.40825
2383.00000
0.00000
0.40825
2389.00000
0.00000
0.40825
2395.00000
0.00000
0.40825
2401.00000
0.00000
0.40825
2407.00000
0.00000
0.40825
2413.00000
0.00000
0.40825
2419.00000
0.00000
0.40825
2425.00000
0.00000
0.40825
2431.00000
0.00000
0.40825
2437.00000
0.00000
0.40825
2443.00000
0.00000
0.40825
2449.00000
0.00000
0.40825
2455.00000
0.00000
0.40825
2461.00000
0.00000
0.40825
2467.00000
0.00000
0.40825
2473.00000
0.00000
0.40825
2479.00000
0.00000
0.40825
2485.00000
0.00000
0.40825
2491.00000
0.00000
0.40825
2497.00000
0.00000
0.40825
2503.00000
0.00000
0.40825
2509.00000
0.00000
0.40825
2515.00000
0.00000
0.40825
2521.00000
0.00000
0.40825
2527.00000
0.00000
0.40825
2533.00000
0.00000
0.40825
2539.00000
0.00000
0.40825
2545.00000
0.00000
0.40825
2551.00000
0.00000
0.40825
2557.00000
0.00000
0.40825
2563.00000
0.00000
0.40825
2569.00000
0.00000
0.40825
2575.00000
0.00000
0.40825
2581.00000
0.00000
0.40825
2587.00000
0.00000
0.40825
2593.00000
0.00000
0.40825
2599.00000
0.00000
0.40825
2605.00000
0.00000
0.40825
2611.00000
0.00000
0.40825
2617.00000
0.00000
0.40825
2623.00000
0.00000
0.40825
2629.00000
0.00000
0.40825
2635.00000
0.00000
0.40825
2641.00000
0.00000
0.40825
2647.00000
0.00000
0.40825
2653.00000
0.00000
0.40825
2659.00000
0.00000
0.40825
2665.00000
0.00000
0.40825
2671.00000
0.00000
0.40825
2677.00000
0.00000
0.40825
2683.00000
0.00000
0.40825
2689.00000
0.00000
0.40825
2695.00000
0.00000
0.40825
2701.00000
0.00000
0.40825
2707.00000
0.00000
0.40825
2713.00000
0.00000
0.40825
2719.00000
0.00000
0.40825
2725.00000
0.00000
0.40825
2731.00000
0.00000
0.40825
2737.00000
0.00000
0.40825
2743.00000
0.00000
0.40825
2749.00000
0.00000
0.40825
2755.00000
0.00000
0.40825
2761.00000
0.00000
0.40825
2767.00000
0.00000
0.40825
2773.00000
0.00000
0.40825
2779.00000
0.00000
0.40825
2785.00000
0.00000
0.40825
2791.00000
0.00000
0.40825
2797.00000
0.00000
0.40825
2803.00000
0.00000
0.40825
2809.00000
0.00000
0.40825
2815.00000
0.00000
0.40825
2821.00000
0.00000
0.40825
2827.00000
0.00000
0.40825
2833.00000
0.00000
0.40825
2839.00000
0.00000
0.40825
2845.00000
0.00000
0.40825
2851.00000
0.00000
0.40825
2857.00000
0.00000
0.40825
2863.00000
0.00000
0.40825
2869.00000
0.00000
0.40825
2875.00000
0.00000
0.40825
2881.00000
0.00000
0.40825
2887.00000
0.00000
0.40825
2893.00000
0.00000
0.40825
2899.00000
0.00000
0.40825
2905.00000
0.00000
0.40825
2911.00000
0.00000
0.40825
2917.00000
0.00000
0.40825
2923.00000
0.00000
0.40825
2929.00000
0.00000
0.40825
2935.00000
0.00000
0.40825
2941.00000
0.00000
0.40825
2947.00000
0.00000
0.40825
2953.00000
0.00000
0.40825
2959.00000
0.00000
0.40825
2965.00000
0.00000
0.40825
2971.00000
0.00000
0.40825
2977.00000
0.00000
0.40825
2983.00000
0.00000
0.40825
2989.00000
0.00000
0.40825
2995.00000
0.00000
0.40825
3001.00000
0.00000
0.40825
3007.00000
0.00000
0.40825
3013.00000
0.00000
0.40825
3019.00000
0.00000
0.40825
3025.00000
0.00000
0.40825
3031.00000
0.00000
0.40825
3037.00000
0.00000
0.40825
3043.00000
0.00000
0.40825
3049.00000
0.00000
0.40825
3055.00000
0.00000
0.40825
3061.00000
0.00000
0.40825
3067.00000
0.00000
0.40825
3073.00000
0.00000
0.40825
3079.00000
0.00000
0.40825
3085.00000
0.00000
0.40825
3091.00000
0.00000
0.40825
3097.00000
0.00000
0.40825
3103.00000
0.00000
0.40825
3109.00000
0.00000
0.40825
3115.00000
0.00000
0.40825
3121.00000
0.00000
0.40825
3127.00000
0.00000
0.40825
3133.00000
0.00000
0.40825
3139.00000
0.00000
0.40825
3145.00000
0.00000
0.40825
3151.00000
0.00000
0.40825
3157.00000
0.00000
0.40825
3163.00000
0.00000
0.40825
3169.00000
0.00000
0.40825
3175.00000
0.00000
0.40825
3181.00000
0.00000
0.40825
3187.00000
0.00000
0.40825
3193.00000
0.00000
0.40825
3199.00000
0.00000
0.40825
3205.00000
0.00000
0.40825
3211.00000
0.00000
0.40825
3217.00000
0.00000
0.40825
3223.00000
0.00000
0.40825
3229.00000
0.00000
0.40825
3235.00000
0.00000
0.40825
3241.00000
0.00000
0.40825
3247.00000
0.00000
0.40825
3253.00000
0.00000
0.40825
3259.00000
0.00000
0.40825
3265.00000
0.00000
0.40825
3271.00000
0.00000
0.40825
3277.00000
0.00000
0.40825
3283.00000
0.00000
0.40825
3289.00000
0.00000
0.40825
3295.00000
0.00000
0.40825
3301.00000
0.00000
0.40825
3307.00000
0.00000
0.40825
3313.00000
0.00000
0.40825
3319.00000
0.00000
0.40825
3325.00000
0.00000
0.40825
3331.00000
0.00000
0.40825
3337.00000
0.00000
0.40825
3343.00000
0.00000
0.40825
3349.00000
0.00000
0.40825
3355.00000
0.00000
0.40825
3361.00000
0.00000
0.40825
3367.00000
0.00000
0.40825
3373.00000
0.00000
0.40825
3379.00000
0.00000
0.40825
3385.00000
0.00000
0.40825
3391.00000
0.00000
0.40825
3397.00000
0.00000
0.40825
3403.00000
0.00000
0.40825
3409.00000
0.00000
0.40825
3415.00000
0.00000
0.40825
3421.00000
0.00000
0.40825
3427.00000
0.00000
0.40825
3433.00000
0.00000
0.40825
3439.00000
0.00000
0.40825
3445.00000
0.00000
0.40825
3451.00000
0.00000
0.40825
3457.00000
0.00000
0.40825
3463.00000
0.00000
0.40825
3469.00000
0.00000
0.40825
3475.00000
0.00000
0.40825
3481.00000
0.00000
0.40825
3487.00000
0.00000
0.40825
3493.00000
0.00000
0.40825
3499.00000
0.00000
0.40825
3505.00000
0.00000
0.40825
3511.00000
0.00000
0.40825
3517.00000
0.00000
0.40825
3523.00000
0.00000
0.40825
3529.00000
0.00000
0.40825
3535.00000
0.00000
0.40825
3541.00000
0.00000
0.40825
3547.00000
0.00000
0.40825
3553.00000
0.00000
0.40825
3559.00000
0.00000
0.40825
3565.00000
0.00000
0.40825
3571.00000
0.00000
0.40825
3577.00000
0.00000
0.40825
3583.00000
0.00000
0.40825
3589.00000
0.00000
0.40825
3595.00000
0.00000
0.40825
3601.00000
0.00000
0.40825
3607.00000
0.00000
0.40825
3613.00000
0.00000
0.40825
3619.00000
0.00000
0.40825
3625.00000
0.00000
0.40825
3631.00000
0.00000
0.40825
3637.00000
0.00000
0.40825
3643.00000
0.00000
0.40825
3649.00000
0.00000
0.40825
3655.00000
0.00000
0.40825
3661.00000
0.00000
0.40825
3667.00000
0.00000
0.40825
3673.00000
0.00000
0.40825
3679.00000
0.00000
0.40825
3685.00000
0.00000
0.40825
3691.00000
0.00000
0.40825
3697.00000
0.00000
0.40825
3703.00000
0.00000
0.40825
3709.00000
0.00000
0.40825
3715.00000
0.00000
0.40825
3721.00000
0.00000
0.40825
3727.00000
0.00000
0.40825
3733.00000
0.00000
0.40825
3739.00000
0.00000
0.40825
3745.00000
0.00000
0.40825
3751.00000
0.00000
0.40825
3757.00000
0.00000
0.40825
3763.00000
0.00000
0.40825
3769.00000
0.00000
0.40825
3775.00000
0.00000
0.40825
3781.00000
0.00000
0.40825
3787.00000
0.00000
0.40825
3793.00000
0.00000
0.40825
3799.00000
0.00000
0.40825
3805.00000
0.00000
0.40825
3811.00000
0.00000
0.40825
3817.00000
0.00000
0.40825
3823.00000
0.00000
0.40825
3829.00000
0.00000
0.40825
3835.00000
0.00000
0.40825
3841.00000
0.00000
0.40825
3847.00000
0.00000
0.40825
3853.00000
0.00000
0.40825
3859.00000
0.00000
0.40825
3865.00000
0.00000
0.40825
3871.00000
0.00000
0.40825
3877.00000
0.00000
0.40825
3883.00000
0.00000
0.40825
3889.00000
0.00000
0.40825
3895.00000
0.00000
0.40825
3901.00000
0.00000
0.40825
3907.00000
0.00000
0.40825
3913.00000
0.00000
0.40825
3919.00000
0.00000
0.40825
3925.00000
0.00000
0.40825
3931.00000
0.00000
0.40825
3937.00000
0.00000
0.40825
3943.00000
0.00000
0.40825
3949.00000
0.00000
0.40825
3955.00000
0.00000
0.40825
3961.00000
0.00000
0.40825
3967.00000
0.00000
0.40825
3973.00000
0.00000
0.40825
3979.00000
0.00000
0.40825
3985.00000
0.00000
0.40825
3991.00000
0.00000
0.40825
3997.00000
0.00000
0.40825
4003.00000
0.00000
0.40825
4009.00000
0.00000
0.40825
4015.00000
0.00000
0.40825
4021.00000
0.00000
0.40825
4027.00000
0.00000
0.40825
4033.00000
0.00000
0.40825
4039.00000
0.00000
0.40825
4045.00000
0.00000
0.40825
4051.00000
0.00000
0.40825
4057.00000
0.00000
0.40825
4063.00000
0.00000
0.40825
4069.00000
0.00000
0.40825
4075.00000
0.00000
0.40825
4081.00000
0.00000
0.40825
4087.00000
0.00000
0.40825
4093.00000
0.00000
0.40825
4099.00000
0.00000
0.40825
4105.00000
0.00000
0.40825
4111.00000
0.00000
0.40825
4117.00000
0.00000
0.40825
4123.00000
0.00000
0.40825
4129.00000
0.00000
0.40825
4135.00000
0.00000
0.40825
4141.00000
0.00000
0.40825
4147.00000
0.00000
0.40825
4153.00000
0.00000
0.40825
4159.00000
0.00000
0.40825
4165.00000
0.00000
0.40825
4171.00000
0.00000
0.40825
4177.00000
0.00000
0.40825
4183.00000
0.00000
0.40825
4189.00000
0.00000
0.40825
4195.00000
0.00000
0.40825
4201.00000
0.00000
0.40825
4207.00000
0.00000
0.40825
4213.00000
0.00000
0.40825
4219.00000
0.00000
0.40825
4225.00000
0.00000
0.40825
4231.00000
0.00000
0.40825
4237.00000
0.00000
0.40825
4243.00000
0.00000
0.40825
4249.00000
0.00000
0.40825
4255.00000
0.00000
0.40825
4261.00000
0.00000
0.40825
4267.00000
0.00000
0.40825
4273.00000
0.00000
0.40825
4279.00000
0.00000
0.40825
4285.00000
0.00000
0.40825
4291.00000
0.00000
0.40825
4297.00000
0.00000
0.40825
4303.00000
0.00000
0.40825
4309.00000
0.00000
0.40825
4315.00000
0.00000
0.40825
4321.00000
0.00000
0.40825
4327.00000
0.00000
0.40825
4333.00000
0.00000
0.40825
4339.00000
0.00000
0.40825
4345.00000
0.00000
0.40825
4351.00000
0.00000
0.40825
4357.00000
0.00000
0.40825
4363.00000
0.00000
0.40825
4369.00000
0.00000
0.40825
4375.00000
0.00000
0.40825
4381.00000
0.00000
0.40825
4387.00000
0.00000
0.40825
4393.00000
0.00000
0.40825
4399.00000
0.00000
0.40825
4405.00000
0.00000
0.40825
4411.00000
0.00000
0.40825
4417.00000
0.00000
0.40825
4423.00000
0.00000
0.40825
4429.00000
0.00000
0.40825
4435.00000
0.00000
0.40825
4441.00000
0.00000
0.40825
4447.00000
0.00000
0.40825
4453.00000
0.00000
0.40825
4459.00000
0.00000
0.40825
4465.00000
0.00000
0.40825
4471.00000
0.00000
0.40825
4477.00000
0.00000
0.40825
4483.00000
0.00000
0.40825
4489.00000
0.00000
0.40825
4495.00000
0.00000
0.40825
4501.00000
0.00000
0.40825
4507.00000
0.00000
0.40825
4513.00000
0.00000
0.40825
4519.00000
0.00000
0.40825
4525.00000
0.00000
0.40825
4531.00000
0.00000
0.40825
4537.00000
0.00000
0.40825
4543.00000
0.00000
0.40825
4549.00000
0.00000
0.40825
4555.00000
0.00000
0.40825
4561.00000
0.00000
0.40825
4567.00000
0.00000
0.40825
4573.00000
0.00000
0.40825
4579.00000
0.00000
0.40825
4585.00000
0.00000
0.40825
4591.00000
0.00000
0.40825
4597.00000
0.00000
0.40825
4603.00000
0.00000
0.40825
4609.00000
0.00000
0.40825
4615.00000
0.00000
0.40825
4621.00000
0.00000
0.40825
4627.00000
0.00000
0.40825
4633.00000
0.00000
0.40825
4639.00000
0.00000
0.40825
4645.00000
0.00000
0.40825
4651.00000
0.00000
0.40825
4657.00000
0.00000
0.40825
4663.00000
0.00000
0.40825
4669.00000
0.00000
0.40825
4675.00000
0.00000
0.40825
4681.00000
0.00000
0.40825
4687.00000
0.00000
0.40825
4693.00000
0.00000
0.40825
4699.00000
0.00000
0.40825
4705.00000
0.00000
0.40825
4711.00000
0.00000
0.40825
4717.00000
0.00000
0.40825
4723.00000
0.00000
0.40825
4729.00000
0.00000
0.40825
4735.00000
0.00000
0.40825
4741.00000
0.00000
0.40825
4747.00000
0.00000
0.40825
4753.00000
0.00000
0.40825
4759.00000
0.00000
0.40825
4765.00000
0.00000
0.40825
4771.00000
0.00000
0.40825
4777.00000
0.00000
0.40825
4783.00000
0.00000
0.40825
4789.00000
0.00000
0.40825
4795.00000
0.00000
0.40825
4801.00000
0.00000
0.40825
4807.00000
0.00000
0.40825
4813.00000
0.00000
0.40825
4819.00000
0.00000
0.40825
4825.00000
0.00000
0.40825
4831.00000
0.00000
0.40825
4837.00000
0.00000
0.40825
4843.00000
0.00000
0.40825
4849.00000
0.00000
0.40825
4855.00000
0.00000
0.40825
4861.00000
0.00000
0.40825
4867.00000
0.00000
0.40825
4873.00000
0.00000
0.40825
4879.00000
0.00000
0.40825
4885.00000
0.00000
0.40825
4891.00000
0.00000
0.40825
4897.00000
0.00000
0.40825
4903.00000
0.00000
0.40825
4909.00000
0.00000
0.40825
4915.00000
0.00000
0.40825
4921.00000
0.00000
0.40825
4927.00000
0.00000
0.40825
4933.00000
0.00000
0.40825
4939.00000
0.00000
0.40825
4945.00000
0.00000
0.40825
4951.00000
0.00000
0.40825
4957.00000
0.00000
0.40825
4963.00000
0.00000
0.40825
4969.00000
0.00000
0.40825
4975.00000
0.00000
0.40825
4981.00000
0.00000
0.40825
4987.00000
0.00000
0.40825
4993.00000
0.00000
0.40825
4999.00000
0.00000
0.40825
5005.00000
0.00000
0.40825
5011.00000
0.00000
0.40825
5017.00000
0.00000
0.40825
5023.00000
0.00000
0.40825
5029.00000
0.00000
0.40825
5035.00000
0.00000
0.40825
5041.00000
0.00000
0.40825
5047.00000
0.00000
0.40825
5053.00000
0.00000
0.40825
5059.00000
0.00000
0.40825
5065.00000
0.00000
0.40825
5071.00000
0.00000
0.40825
5077.00000
0.00000
0.40825
5083.00000
0.00000
0.40825
5089.00000
0.00000
0.40825
5095.00000
0.00000
0.40825
5101.00000
0.00000
0.40825
5107.00000
0.00000
0.40825
5113.00000
0.00000
0.40825
5119.00000
0.00000
0.40825
5125.00000
0.00000
0.40825
5131.00000
0.00000
0.40825
5137.00000
0.00000
0.40825
5143.00000
0.00000
0.40825
5149.00000
0.00000
0.40825
5155.00000
0.00000
0.40825
5161.00000
0.00000
0.40825
5167.00000
0.00000
0.40825
5173.00000
0.00000
0.40825
5179.00000
0.00000
0.40825
5185.00000
0.00000
0.40825
5191.00000
0.00000
0.40825
5197.00000
0.00000
0.40825
5203.00000
0.00000
0.40825
5209.00000
0.00000
0.40825
5215.00000
0.00000
0.40825
5221.00000
0.00000
0.40825
5227.00000
0.00000
0.40825
5233.00000
0.00000
0.40825
5239.00000
0.00000
0.40825
5245.00000
0.00000
0.40825
5251.00000
0.00000
0.40825
5257.00000
0.00000
0.40825
5263.00000
0.00000
0.40825
5269.00000
0.00000
0.40825
5275.00000
0.00000
0.40825
5281.00000
0.00000
0.40825
5287.00000
0.00000
0.40825
5293.00000
0.00000
0.40825
5299.00000
0.00000
0.40825
5305.00000
0.00000
0.40825
5311.00000
0.00000
0.40825
5317.00000
0.00000
0.40825
5323.00000
0.00000
0.40825
5329.00000
0.00000
0.40825
5335.00000
0.00000
0.40825
5341.00000
0.00000
0.40825
5347.00000
0.00000
0.40825
5353.00000
0.00000
0.40825
5359.00000
0.00000
0.40825
5365.00000
0.00000
0.40825
5371.00000
0.00000
0.40825
5377.00000
0.00000
0.40825
5383.00000
0.00000
0.40825
5389.00000
0.00000
0.40825
5395.00000
0.00000
0.40825
5401.00000
0.00000
0.40825
5407.00000
0.00000
0.40825
5413.00000
0.00000
0.40825
5419.00000
0.00000
0.40825
5425.00000
0.00000
0.40825
5431.00000
0.00000
0.40825
5437.00000
0.00000
0.40825
5443.00000
0.00000
0.40825
5449.00000
0.00000
0.40825
5455.00000
0.00000
0.40825
5461.00000
0.00000
0.40825
5467.00000
0.00000
0.40825
5473.00000
0.00000
0.40825
5479.00000
0.00000
0.40825
5485.00000
0.00000
0.40825
5491.00000
0.00000
0.40825
5497.00000
0.00000
0.40825
5503.00000
0.00000
0.40825
5509.00000
0.00000
0.40825
5515.00000
0.00000
0.40825
5521.00000
0.00000
0.40825
5527.00000
0.00000
0.40825
5533.00000
0.00000
0.40825
5539.00000
0.00000
0.40825
5545.00000
0.00000
0.40825
5551.00000
0.00000
0.40825
5557.00000
0.00000
0.40825
5563.00000
0.00000
0.40825
5569.00000
0.00000
0.40825
5575.00000
0.00000
0.40825
5581.00000
0.00000
0.40825
5587.00000
0.00000
0.40825
5593.00000
0.00000
0.40825
5599.00000
0.00000
0.40825
5605.00000
0.00000
0.40825
5611.00000
0.00000
0.40825
5617.00000
0.00000
0.40825
5623.00000
0.00000
0.40825
5629.00000
0.00000
0.40825
5635.00000
0.00000
0.40825
5641.00000
0.00000
0.40825
5647.00000
0.00000
0.40825
5653.00000
0.00000
0.40825
5659.00000
0.00000
0.40825
5665.00000
0.00000
0.40825
5671.00000
0.00000
0.40825
5677.00000
0.00000
0.40825
5683.00000
0.00000
0.40825
5689.00000
0.00000
0.40825
5695.00000
0.00000
0.40825
5701.00000
0.00000
0.40825
5707.00000
0.00000
0.40825
5713.00000
0.00000
0.40825
5719.00000
0.00000
0.40825
5725.00000
0.00000
0.40825
5731.00000
0.00000
0.40825
5737.00000
0.00000
0.40825
5743.00000
0.00000
0.40825
5749.00000
0.00000
0.40825
5755.00000
0.00000
0.40825
5761.00000
0.00000
0.40825
5767.00000
0.00000
0.40825
5773.00000
0.00000
0.40825
5779.00000
0.00000
0.40825
5785.00000
0.00000
0.40825
5791.00000
0.00000
0.40825
5797.00000
0.00000
0.40825
5803.00000
0.00000
0.40825
5809.00000
0.00000
0.40825
5815.00000
0.00000
0.40825
5821.00000
0.00000
0.40825
5827.00000
0.00000
0.40825
5833.00000
0.00000
0.40825
5839.00000
0.00000
0.40825
5845.00000
0.00000
0.40825
5851.00000
0.00000
0.40825
5857.00000
0.00000
0.40825
5863.00000
0.00000
0.40825
5869.00000
0.00000
0.40825
5875.00000
0.00000
0.40825
5881.00000
0.00000
0.40825
5887.00000
0.00000
0.40825
5893.00000
0.00000
0.40825
5899.00000
0.00000
0.40825
5905.00000
0.00000
0.40825
5911.00000
0.00000
0.40825
5917.00000
0.00000
0.40825
5923.00000
0.00000
0.40825
5929.00000
0.00000
0.40825
5935.00000
0.00000
0.40825
5941.00000
0.00000
0.40825
5947.00000
0.00000
0.40825
5953.00000
0.00000
0.40825
5959.00000
0.00000
0.40825
5965.00000
0.00000
0.40825
5971.00000
0.00000
0.40825
5977.00000
0.00000
0.40825
5983.00000
0.00000
0.40825
5989.00000
0.00000
0.40825
5995.00000
0.00000
0.40825
6001.00000
0.00000
0.40825
6007.00000
0.00000
0.40825
6013.00000
0.00000
0.40825
6019.00000
0.00000
0.40825
6025.00000
0.00000
0.40825
6031.00000
0.00000
0.40825
6037.00000
0.00000
0.40825
6043.00000
0.00000
0.40825
6049.00000
0.00000
0.40825
6055.00000
0.00000
0.40825
6061.00000
0.00000
0.40825
6067.00000
0.00000
0.40825
6073.00000
0.00000
0.40825
6079.00000
0.00000
0.40825
6085.00000
0.00000
0.40825
6091.00000
0.00000
0.40825
6097.00000
0.00000
0.40825
6103.00000
0.00000
0.40825
6109.00000
0.00000
0.40825
6115.00000
0.00000
0.40825
6121.00000
0.00000
0.40825
6127.00000
0.00000
0.40825
6133.00000
0.00000
0.40825
6139.00000
0.00000
0.40825
6145.00000
0.00000
0.40825
6151.00000
0.00000
0.40825
6157.00000
0.00000
0.40825
6163.00000
0.00000
0.40825
6169.00000
0.00000
0.40825
6175.00000
0.00000
0.40825
6181.00000
0.00000
0.40825
6187.00000
0.00000
0.40825
6193.00000
0.00000
0.40825
6199.00000
0.00000
0.40825
6205.00000
0.00000
0.40825
6211.00000
0.00000
0.40825
6217.00000
0.00000
0.40825
6223.00000
0.00000
0.40825
6229.00000
0.00000
0.40825
6235.00000
0.00000
0.40825
6241.00000
0.00000
0.40825
6247.00000
0.00000
0.40825
6253.00000
0.00000
0.40825
6259.00000
0.00000
0.40825
6265.00000
0.00000
0.40825
6271.00000
0.00000
0.40825
6277.00000
0.00000
0.40825
6283.00000
0.00000
0.40825
6289.00000
0.00000
0.40825
6295.00000
0.00000
0.40825
6301.00000
0.00000
0.40825
6307.00000
0.00000
0.40825
6313.00000
0.00000
0.40825
6319.00000
0.00000
0.40825
6325.00000
0.00000
0.40825
6331.00000
0.00000
0.40825
6337.00000
0.00000
0.40825
6343.00000
0.00000
0.40825
6349.00000
0.00000
0.40825
6355.00000
0.00000
0.40825
6361.00000
0.00000
0.40825
6367.00000
0.00000
0.40825
6373.00000
0.00000
0.40825
6379.00000
0.00000
0.40825
6385.00000
0.00000
0.40825
6391.00000
0.00000
0.40825
6397.00000
0.00000
0.40825
6403.00000
0.00000
0.40825
6409.00000
0.00000
0.40825
6415.00000
0.00000
0.40825
6421.00000
0.00000
0.40825
6427.00000
0.00000
0.40825
6433.00000
0.00000
0.40825
6439.00000
0.00000
0.40825
6445.00000
0.00000
0.40825
6451.00000
0.00000
0.40825
6457.00000
0.00000
0.40825
6463.00000
0.00000
0.40825
6469.00000
0.00000
0.40825
6475.00000
0.00000
0.40825
6481.00000
0.00000
0.40825
6487.00000
0.00000
0.40825
6493.00000
0.00000
0.40825
6499.00000
0.00000
0.40825
6505.00000
0.00000
0.40825
6511.00000
0.00000
0.40825
6517.00000
0.00000
0.40825
6523.00000
0.00000
0.40825
6529.00000
0.00000
0.40825
6535.00000
0.00000
0.40825
6541.00000
0.00000
0.40825
6547.00000
0.00000
0.40825
6553.00000
0.00000
0.40825
6559.00000
0.00000
0.40825
6565.00000
0.00000
0.40825
6571.00000
0.00000
0.40825
6577.00000
0.00000
0.40825
6583.00000
0.00000
0.40825
6589.00000
0.00000
0.40825
6595.00000
0.00000
0.40825
6601.00000
0.00000
0.40825
6607.00000
0.00000
0.40825
6613.00000
0.00000
0.40825
6619.00000
0.00000
0.40825
6625.00000
0.00000
0.40825
6631.00000
0.00000
0.40825
6637.00000
0.00000
0.40825
6643.00000
0.00000
0.40825
6649.00000
0.00000
0.40825
6655.00000
0.00000
0.40825
6661.00000
0.00000
0.40825
6667.00000
0.00000
0.40825
6673.00000
0.00000
0.40825
6679.00000
0.00000
0.40825
6685.00000
0.00000
0.40825
6691.00000
0.00000
0.40825
6697.00000
0.00000
0.40825
6703.00000
0.00000
0.40825
6709.00000
0.00000
0.40825
6715.00000
0.00000
0.40825
6721.00000
0.00000
0.40825
6727.00000
0.00000
0.40825
6733.00000
0.00000
0.40825
6739.00000
0.00000
0.40825
6745.00000
0.00000
0.40825
6751.00000
0.00000
0.40825
6757.00000
0.00000
0.40825
6763.00000
0.00000
0.40825
6769.00000
0.00000
0.40825
6775.00000
0.00000
0.40825
6781.00000
0.00000
0.40825
6787.00000
0.00000
0.40825
6793.00000
0.00000
0.40825
6799.00000
0.00000
0.40825
6805.00000
0.00000
0.40825
6811.00000
0.00000
0.40825
6817.00000
0.00000
0.40825
6823.00000
0.00000
0.40825
6829.00000
0.00000
0.40825
6835.00000
0.00000
0.40825
6841.00000
0.00000
0.40825
6847.00000
0.00000
0.40825
6853.00000
0.00000
0.40825
6859.00000
0.00000
0.40825
6865.00000
0.00000
0.40825
6871.00000
0.00000
0.40825
6877.00000
0.00000
0.40825
6883.00000
0.00000
0.40825
6889.00000
0.00000
0.40825
6895.00000
0.00000
0.40825
6901.00000
0.00000
0.40825
6907.00000
0.00000
0.40825
6913.00000
0.00000
0.40825
6919.00000
0.00000
0.40825
6925.00000
0.00000
0.40825
6931.00000
0.00000
0.40825
6937.00000
0.00000
0.40825
6943.00000
0.00000
0.40825
6949.00000
0.00000
0.40825
6955.00000
0.00000
0.40825
6961.00000
0.00000
0.40825
6967.00000
0.00000
0.40825
6973.00000
0.00000
0.40825
6979.00000
0.00000
0.40825
6985.00000
0.00000
0.40825
6991.00000
0.00000
0.40825
6997.00000
0.00000
0.40825
7003.00000
0.00000
0.40825
7009.00000
0.00000
0.40825
7015.00000
0.00000
0.40825
7021.00000
0.00000
0.40825
7027.00000
0.00000
0.40825
7033.00000
0.00000
0.40825
7039.00000
0.00000
0.40825
7045.00000
0.00000
0.40825
7051.00000
0.00000
0.40825
7057.00000
0.00000
0.40825
7063.00000
0.00000
0.40825
7069.00000
0.00000
0.40825
7075.00000
0.00000
0.40825
7081.00000
0.00000
0.40825
7087.00000
0.00000
0.40825
7093.00000
0.00000
0.40825
7099.00000
0.00000
0.40825
7105.00000
0.00000
0.40825
7111.00000
0.00000
0.40825
7117.00000
0.00000
0.40825
7123.00000
0.00000
0.40825
7129.00000
0.00000
0.40825
7135.00000
0.00000
0.40825
7141.00000
0.00000
0.40825
7147.00000
0.00000
0.40825
7153.00000
0.00000
0.40825
7159.00000
0.00000
0.40825
7165.00000
0.00000
0.40825
7171.00000
0.00000
0.40825
7177.00000
0.00000
0.40825
7183.00000
0.00000
0.40825
7189.00000
0.00000
0.40825
7195.00000
0.00000
0.40825
7201.00000
0.00000
0.40825
7207.00000
0.00000
0.40825
7213.00000
0.00000
0.40825
7219.00000
0.00000
0.40825
7225.00000
0.00000
0.40825
7231.00000
0.00000
0.40825
7237.00000
0.00000
0.40825
7243.00000
0.00000
0.40825
7249.00000
0.00000
0.40825
7255.00000
0.00000
0.40825
7261.00000
0.00000
0.40825
7267.00000
0.00000
0.40825
7273.00000
0.00000
0.40825
7279.00000
0.00000
0.40825
7285.00000
0.00000
0.40825
7291.00000
0.00000
0.40825
7297.00000
0.00000
0.40825
7303.00000
0.00000
0.40825
7309.00000
0.00000
0.40825
7315.00000
0.00000
0.40825
7321.00000
0.00000
0.40825
7327.00000
0.00000
0.40825
7333.00000
0.00000
0.40825
7339.00000
0.00000
0.40825
7345.00000
0.00000
0.40825
7351.00000
0.00000
0.40825
7357.00000
0.00000
0.40825
7363.00000
0.00000
0.40825
7369.00000
0.00000
0.40825
7375.00000
0.00000
0.40825
7381.00000
0.00000
0.40825
7387.00000
0.00000
0.40825
7393.00000
0.00000
0.40825
7399.00000
0.00000
0.40825
7405.00000
0.00000
0.40825
7411.00000
0.00000
0.40825
7417.00000
0.00000
0.40825
7423.00000
0.00000
0.40825
7429.00000
0.00000
0.40825
7435.00000
0.00000
0.40825
7441.00000
0.00000
0.40825
7447.00000
0.00000
0.40825
7453.00000
0.00000
0.40825
7459.00000
0.00000
0.40825
7465.00000
0.00000
0.40825
7471.00000
0.00000
0.40825
7477.00000
0.00000
0.40825
7483.00000
0.00000
0.40825
7489.00000
0.00000
0.40825
7495.00000
0.00000
0.40825
7501.00000
0.00000
0.40825
7507.00000
0.00000
0.40825
7513.00000
0.00000
0.40825
7519.00000
0.00000
0.40825
7525.00000
0.00000
0.40825
7531.00000
0.00000
0.40825
7537.00000
0.00000
0.40825
7543.00000
0.00000
0.40825
7549.00000
0.00000
0.40825
7555.00000
0.00000
0.40825
7561.00000
0.00000
0.40825
7567.00000
0.00000
0.40825
7573.00000
0.00000
0.40825
7579.00000
0.00000
0.40825
7585.00000
0.00000
0.40825
7591.00000
0.00000
0.40825
7597.00000
0.00000
0.40825
7603.00000
0.00000
0.40825
7609.00000
0.00000
0.40825
7615.00000
0.00000
0.40825
7621.00000
0.00000
0.40825
7627.00000
0.00000
0.40825
7633.00000
0.00000
0.40825
7639.00000
0.00000
0.40825
7645.00000
0.00000
0.40825
7651.00000
0.00000
0.40825
7657.00000
0.00000
0.40825
7663.00000
0.00000
0.40825
7669.00000
0.00000
0.40825
7675.00000
0.00000
0.40825
7681.00000
0.00000
0.40825
7687.00000
0.00000
0.40825
7693.00000
0.00000
0.40825
7699.00000
0.00000
0.40825
7705.00000
0.00000
0.40825
7711.00000
0.00000
0.40825
7717.00000
0.00000
0.40825
7723.00000
0.00000
0.40825
7729.00000
0.00000
0.40825
7735.00000
0.00000
0.40825
7741.00000
0.00000
0.40825
7747.00000
0.00000
0.40825
7753.00000
0.00000
0.40825
7759.00000
0.00000
0.40825
7765.00000
0.00000
0.40825
7771.00000
0.00000
0.40825
7777.00000
0.00000
0.40825
7783.00000
0.00000
0.40825
7789.00000
0.00000
0.40825
7795.00000
0.00000
0.40825
7801.00000
0.00000
0.40825
7807.00000
0.00000
0.40825
7813.00000
0.00000
0.40825
7819.00000
0.00000
0.40825
7825.00000
0.00000
0.40825
7831.00000
0.00000
0.40825
7837.00000
0.00000
0.40825
7843.00000
0.00000
0.40825
7849.00000
0.00000
0.40825
7855.00000
0.00000
0.40825
7861.00000
0.00000
0.40825
7867.00000
0.00000
0.40825
7873.00000
0.00000
0.40825
7879.00000
0.00000
0.40825
7885.00000
0.00000
0.40825
7891.00000
0.00000
0.40825
7897.00000
0.00000
0.40825
7903.00000
0.00000
0.40825
7909.00000
0.00000
0.40825
7915.00000
0.00000
0.40825
7921.00000
0.00000
0.40825
7927.00000
0.00000
0.40825
7933.00000
0.00000
0.40825
7939.00000
0.00000
0.40825
7945.00000
0.00000
0.40825
7951.00000
0.00000
0.40825
7957.00000
0.00000
0.40825
7963.00000
0.00000
0.40825
7969.00000
0.00000
0.40825
7975.00000
0.00000
0.40825
7981.00000
0.00000
0.40825
7987.00000
0.00000
0.40825
7993.00000
0.00000
0.40825
7999.00000
0.00000
0.40825
8005.00000
0.00000
0.40825
8011.00000
0.00000
0.40825
8017.00000
0.00000
0.40825
8023.00000
0.00000
0.40825
8029.00000
0.00000
0.40825
8035.00000
0.00000
0.40825
8041.00000
0.00000
0.40825
8047.00000
0.00000
0.40825
8053.00000
0.00000
0.40825
8059.00000
0.00000
0.40825
8065.00000
0.00000
0.40825
8071.00000
0.00000
0.40825
8077.00000
0.00000
0.40825
8083.00000
0.00000
0.40825
8089.00000
0.00000
0.40825
8095.00000
0.00000
0.40825
8101.00000
0.00000
0.40825
8107.00000
0.00000
0.40825
8113.00000
0.00000
0.40825
8119.00000
0.00000
0.40825
8125.00000
0.00000
0.40825
8131.00000
0.00000
0.40825
8137.00000
0.00000
0.40825
8143.00000
0.00000
0.40825
8149.00000
0.00000
0.40825
8155.00000
0.00000
0.40825
8161.00000
0.00000
0.40825
8167.00000
0.00000
0.40825
8173.00000
0.00000
0.40825
8179.00000
0.00000
0.40825
8185.00000
0.00000
0.40825
8191.00000
0.00000
0.40825
8197.00000
0.00000
0.40825
8203.00000
0.00000
0.40825
8209.00000
0.00000
0.40825
8215.00000
0.00000
0.40825
8221.00000
0.00000
0.40825
8227.00000
0.00000
0.40825
8233.00000
0.00000
0.40825
8239.00000
0.00000
0.40825
8245.00000
0.00000
0.40825
8251.00000
0.00000
0.40825
8257.00000
0.00000
0.40825
8263.00000
0.00000
0.40825
8269.00000
0.00000
0.40825
8275.00000
0.00000
0.40825
8281.00000
0.00000
0.40825
8287.00000
0.00000
0.40825
8293.00000
0.00000
0.40825
8299.00000
0.00000
0.40825
8305.00000
0.00000
0.40825
8311.00000
0.00000
0.40825
8317.00000
0.00000
0.40825
8323.00000
0.00000
0.40825
8329.00000
0.00000
0.40825
8335.00000
0.00000
0.40825
8341.00000
0.00000
0.40825
8347.00000
0.00000
0.40825
8353.00000
0.00000
0.40825
8359.00000
0.00000
0.40825
8365.00000
0.00000
0.40825
8371.00000
0.00000
0.40825
8377.00000
0.00000
0.40825
8383.00000
0.00000
0.40825
8389.00000
0.00000
0.40825
8395.00000
0.00000
0.40825
8401.00000
0.00000
0.40825
8407.00000
0.00000
0.40825
8413.00000
0.00000
0.40825
8419.00000
0.00000
0.40825
8425.00000
0.00000
0.40825
8431.00000
0.00000
0.40825
8437.00000
0.00000
0.40825
8443.00000
0.00000
0.40825
8449.00000
0.00000
0.40825
8455.00000
0.00000
0.40825
8461.00000
0.00000
0.40825
8467.00000
0.00000
0.40825
8473.00000
0.00000
0.40825
8479.00000
0.00000
0.40825
8485.00000
0.00000
0.40825
8491.00000
0.00000
0.40825
8497.00000
0.00000
0.40825
8503.00000
0.00000
0.40825
8509.00000
0.00000
0.40825
8515.00000
0.00000
0.40825
8521.00000
0.00000
0.40825
8527.00000
0.00000
0.40825
8533.00000
0.00000
0.40825
8539.00000
0.00000
0.40825
8545.00000
0.00000
0.40825
8551.00000
0.00000
0.40825
8557.00000
0.00000
0.40825
8563.00000
0.00000
0.40825
8569.00000
0.00000
0.40825
8575.00000
0.00000
0.40825
8581.00000
0.00000
0.40825
8587.00000
0.00000
0.40825
8593.00000
0.00000
0.40825
8599.00000
0.00000
0.40825
8605.00000
0.00000
0.40825
8611.00000
0.00000
0.40825
8617.00000
0.00000
0.40825
8623.00000
0.00000
0.40825
8629.00000
0.00000
0.40825
8635.00000
0.00000
0.40825
8641.00000
0.00000
0.40825
8647.00000
0.00000
0.40825
8653.00000
0.00000
0.40825
8659.00000
0.00000
0.40825
8665.00000
0.00000
0.40825
8671.00000
0.00000
0.40825
8677.00000
0.00000
0.40825
8683.00000
0.00000
0.40825
8689.00000
0.00000
0.40825
8695.00000
0.00000
0.40825
8701.00000
0.00000
0.40825
8707.00000
0.00000
0.40825
8713.00000
0.00000
0.40825
8719.00000
0.00000
0.40825
8725.00000
0.00000
0.40825
8731.00000
0.00000
0.40825
8737.00000
0.00000
0.40825
8743.00000
0.00000
0.40825
8749.00000
0.00000
0.40825
8755.00000
0.00000
0.40825
8761.00000
0.00000
0.40825
8767.00000
0.00000
0.40825
8773.00000
0.00000
0.40825
8779.00000
0.00000
0.40825
8785.00000
0.00000
0.40825
8791.00000
0.00000
0.40825
8797.00000
0.00000
0.40825
8803.00000
0.00000
0.40825
8809.00000
0.00000
0.40825
8815.00000
0.00000
0.40825
8821.00000
0.00000
0.40825
8827.00000
0.00000
0.40825
8833.00000
0.00000
0.40825
8839.00000
0.00000
0.40825
8845.00000
0.00000
0.40825
8851.00000
0.00000
0.40825
8857.00000
0.00000
0.40825
8863.00000
0.00000
0.40825
8869.00000
0.00000
0.40825
8875.00000
0.00000
0.40825
8881.00000
0.00000
0.40825
8887.00000
0.00000
0.40825
8893.00000
0.00000
0.40825
8899.00000
0.00000
0.40825
8905.00000
0.00000
0.40825
8911.00000
0.00000
0.40825
8917.00000
0.00000
0.40825
8923.00000
0.00000
0.40825
8929.00000
0.00000
0.40825
8935.00000
0.00000
0.40825
8941.00000
0.00000
0.40825
8947.00000
0.00000
0.40825
8953.00000
0.00000
0.40825
8959.00000
0.00000
0.40825
8965.00000
0.00000
0.40825
8971.00000
0.00000
0.40825
8977.00000
0.00000
0.40825
8983.00000
0.00000
0.40825
8989.00000
0.00000
0.40825
8995.00000
0.00000
0.40825
9001.00000
0.00000
0.40825
9007.00000
0.00000
0.40825
9013.00000
0.00000
0.40825
9019.00000
0.00000
0.40825
9025.00000
0.00000
0.40825
9031.00000
0.00000
0.40825
9037.00000
0.00000
0.40825
9043.00000
0.00000
0.40825
9049.00000
0.00000
0.40825
9055.00000
0.00000
0.40825
9061.00000
0.00000
0.40825
9067.00000
0.00000
0.40825
9073.00000
0.00000
0.40825
9079.00000
0.00000
0.40825
9085.00000
0.00000
0.40825
9091.00000
0.00000
0.40825
9097.00000
0.00000
0.40825
9103.00000
0.00000
0.40825
9109.00000
0.00000
0.40825
9115.00000
0.00000
0.40825
9121.00000
0.00000
0.40825
9127.00000
0.00000
0.40825
9133.00000
0.00000
0.40825
9139.00000
0.00000
0.40825
9145.00000
0.00000
0.40825
9151.00000
0.00000
0.40825
9157.00000
0.00000
0.40825
9163.00000
0.00000
0.40825
9169.00000
0.00000
0.40825
9175.00000
0.00000
0.40825
9181.00000
0.00000
0.40825
9187.00000
0.00000
0.40825
9193.00000
0.00000
0.40825
9199.00000
0.00000
0.40825
9205.00000
0.00000
0.40825
9211.00000
0.00000
0.40825
9217.00000
0.00000
0.40825
9223.00000
0.00000
0.40825
9229.00000
0.00000
0.40825
9235.00000
0.00000
0.40825
9241.00000
0.00000
0.40825
9247.00000
0.00000
0.40825
9253.00000
0.00000
0.40825
9259.00000
0.00000
0.40825
9265.00000
0.00000
0.40825
9271.00000
0.00000
0.40825
9277.00000
0.00000
0.40825
9283.00000
0.00000
0.40825
9289.00000
0.00000
0.40825
9295.00000
0.00000
0.40825
9301.00000
0.00000
0.40825
9307.00000
0.00000
0.40825
9313.00000
0.00000
0.40825
9319.00000
0.00000
0.40825
9325.00000
0.00000
0.40825
9331.00000
0.00000
0.40825
9337.00000
0.00000
0.40825
9343.00000
0.00000
0.40825
9349.00000
0.00000
0.40825
9355.00000
0.00000
0.40825
9361.00000
0.00000
0.40825
9367.00000
0.00000
0.40825
9373.00000
0.00000
0.40825
9379.00000
0.00000
0.40825
9385.00000
0.00000
0.40825
9391.00000
0.00000
0.40825
9397.00000
0.00000
0.40825
9403.00000
0.00000
0.40825
9409.00000
0.00000
0.40825
9415.00000
0.00000
0.40825
9421.00000
0.00000
0.40825
9427.00000
0.00000
0.40825
9433.00000
0.00000
0.40825
9439.00000
0.00000
0.40825
9445.00000
0.00000
0.40825
9451.00000
0.00000
0.40825
9457.00000
0.00000
0.40825
9463.00000
0.00000
0.40825
9469.00000
0.00000
0.40825
9475.00000
0.00000
0.40825
9481.00000
0.00000
0.40825
9487.00000
0.00000
0.40825
9493.00000
0.00000
0.40825
9499.00000
0.00000
0.40825
9505.00000
0.00000
0.40825
9511.00000
0.00000
0.40825
9517.00000
0.00000
0.40825
9523.00000
0.00000
0.40825
9529.00000
0.00000
0.40825
9535.00000
0.00000
0.40825
9541.00000
0.00000
0.40825
9547.00000
0.00000
0.40825
9553.00000
0.00000
0.40825
9559.00000
0.00000
0.40825
9565.00000
0.00000
0.40825
9571.00000
0.00000
0.40825
9577.00000
0.00000
0.40825
9583.00000
0.00000
0.40825
9589.00000
0.00000
0.40825
9595.00000
0.00000
0.40825
9601.00000
0.00000
0.40825
9607.00000
0.00000
0.40825
9613.00000
0.00000
0.40825
9619.00000
0.00000
0.40825
9625.00000
0.00000
0.40825
9631.00000
0.00000
0.40825
9637.00000
0.00000
0.40825
9643.00000
0.00000
0.40825
9649.00000
0.00000
0.40825
9655.00000
0.00000
0.40825
9661.00000
0.00000
0.40825
9667.00000
0.00000
0.40825
9673.00000
0.00000
0.40825
9679.00000
0.00000
0.40825
9685.00000
0.00000
0.40825
9691.00000
0.00000
0.40825
9697.00000
0.00000
0.40825
9703.00000
0.00000
0.40825
9709.00000
0.00000
0.40825
9715.00000
0.00000
0.40825
9721.00000
0.00000
0.40825
9727.00000
0.00000
0.40825
9733.00000
0.00000
0.40825
9739.00000
0.00000
0.40825
9745.00000
0.00000
0.40825
9751.00000
0.00000
0.40825
9757.00000
0.00000
0.40825
9763.00000
0.00000
0.40825
9769.00000
0.00000
0.40825
9775.00000
0.00000
0.40825
9781.00000
0.00000
0.40825
9787.00000
0.00000
0.40825
9793.00000
0.00000
0.40825
9799.00000
0.00000
0.40825
9805.00000
0.00000
0.40825
9811.00000
0.00000
0.40825
9817.00000
0.00000
0.40825
9823.00000
0.00000
0.40825
9829.00000
0.00000
0.40825
9835.00000
0.00000
0.40825
9841.00000
0.00000
0.40825
9847.00000
0.00000
0.40825
9853.00000
0.00000
0.40825
9859.00000
0.00000
0.40825
9865.00000
0.00000
0.40825
9871.00000
0.00000
0.40825
9877.00000
0.00000
0.40825
9883.00000
0.00000
0.40825
9889.00000
0.00000
0.40825
9895.00000
0.00000
0.40825
9901.00000
0.00000
0.40825
9907.00000
0.00000
0.40825
9913.00000
0.00000
0.40825
9919.00000
0.00000
0.40825
9925.00000
0.00000
0.40825
9931.00000
0.00000
0.40825
9937.00000
0.00000
0.40825
9943.00000
0.00000
0.40825
9949.00000
0.00000
0.40825
9955.00000
0.00000
0.40825
9961.00000
0.00000
0.40825
9967.00000
0.00000
0.40825
9973.00000
0.00000
0.40825
9979.00000
0.00000
0.40825
9985.00000
0.00000
0.40825
9991.00000
0.00000
0.40825
9997.00000
0.00000
0.40825
10003.00000
0.00000
0.40825
