0.0000 0.0000 0.0000
0.0191 nan 0.0191
0.0166 nan 0.0166
0.0205 nan 0.0205
0.0187 0.0094 0.0187
0.0184 nan 0.0184
0.0160 0.0096 0.0192
0.0147 0.0094 0.0188
0.0149 nan 0.0149
0.0141 0.0168 0.0176
0.0140 nan 0.0140
0.0142 0.0154 0.0155
0.0139 0.0153 0.0157
0.0164 0.0151 0.0151
0.0137 nan 0.0137
0.0137 0.0149 0.0148
0.0151 nan 0.0151
0.0139 nan 0.0139
0.0138 0.0143 0.0146
0.0138 nan 0.0138
0.0135 nan 0.0135
0.0134 0.0140 0.0140
0.0135 0.0141 0.0137
0.0133 nan 0.0133
0.0133 0.0140 0.0137
0.0134 nan 0.0134
0.0134 0.0134 0.0134
0.0134 0.0134 0.0135
0.0133 nan 0.0133
0.0132 0.0138 0.0134
0.0132 nan 0.0132
0.0132 nan 0.0132
0.0148 0.0138 0.0133
0.0132 0.0136 0.0132
0.0133 nan 0.0133
0.0146 0.0135 0.0132
0.0131 0.0135 0.0132
0.0132 0.0135 0.0132
0.0132 0.0134 0.0132
0.0130 0.0133 0.0132
0.0131 nan 0.0131
0.0131 0.0132 0.0132
0.0163 nan 0.0163
0.0131 nan 0.0131
0.0131 0.0136 0.0142
0.0131 0.0137 0.0145
0.0131 nan 0.0131
0.0131 0.0138 0.0139
0.0131 0.0136 0.0139
0.0145 nan 0.0145
0.0132 0.0137 0.0141
0.0131 nan 0.0131
0.0130 0.0142 0.0139
0.0130 nan 0.0130
0.0130 0.0133 0.0133
0.0151 nan 0.0151
0.0147 nan 0.0147
0.0131 nan 0.0131
0.0139 0.0141 0.0143
0.0131 0.0139 0.0141
0.0132 nan 0.0132
0.0131 0.0134 0.0138
0.0130 nan 0.0130
0.0131 0.0135 0.0133
0.0130 nan 0.0130
0.0131 nan 0.0131
0.0150 nan 0.0150
0.0130 0.0134 0.0137
0.0139 nan 0.0139
0.0130 nan 0.0130
0.0130 0.0137 0.0135
0.0130 nan 0.0130
0.0157 nan 0.0157
0.0129 0.0134 0.0141
0.0129 nan 0.0129
0.0129 nan 0.0129
0.0129 nan 0.0129
0.0130 0.0133 0.0129
0.0130 0.0132 0.0129
0.0129 nan 0.0129
0.0129 nan 0.0129
0.0129 0.0129 0.0129
0.0129 0.0130 0.0129
0.0129 0.0130 0.0129
0.0129 0.0129 0.0129
0.0158 nan 0.0158
0.0129 0.0139 0.0138
0.0152 nan 0.0152
0.0147 0.0144 0.0149
0.0142 nan 0.0142
0.0129 nan 0.0129
0.0128 0.0138 0.0140
0.0128 nan 0.0128
0.0129 nan 0.0129
0.0145 0.0135 0.0132
0.0142 0.0134 0.0130
0.0130 0.0131 0.0130
0.0130 0.0132 0.0131
0.0129 0.0133 0.0130
0.0128 nan 0.0128
0.0128 nan 0.0128
